    unsorted:	 471.4885449 470.6849418 141.4895570 147.1185713 151.4280136 171.0883057 185.7936219 7.011772361 8.220847972 5.029307848 0.2070164874 18.82953492 51.67309030 53.98363996 235.1645866 351.2360425 432.0055692 412.4701377 533.6238718 587.6789712 681.5020699 777.8886266 913.3519600 1138.985006 1208.887700 1223.699804 1366.432214 1715.916208 1787.131423 1829.707305 1991.242054 2931.943412 2987.155396 3016.548883 2742.192788 2462.465058 3372.113119 3384.365089 2531.623284 3488.199961 3908.660706 4249.031052 4228.777952 4127.980957 4474.329281 4525.977086 4777.185292 4908.051902 4993.895958 5107.969169 5290.339756 5489.922249 5469.286866 5805.875225 6018.780422 6314.189212 6383.943774 6449.133363 6680.799766 7036.383613 7321.364801 8014.425013 8267.511279 8374.737167 8474.823947 9111.439361 9336.735190 9276.721044 9495.561708 9943.974451 10172.58173 10156.90640 10550.55071 10888.90024 11276.71797 11475.47533 11633.66658 12127.54632 12422.95699 12723.89336 13270.39463 13719.79470 13998.27394 13865.75301 14074.43605 14374.74175 14497.80456 15083.63205 15203.67549 15464.10954 15984.83895 16185.13827 16605.75914 16958.76918 17291.08953 17706.74523 17895.82298 17969.11976 18729.19303 18702.83590 21326.96133 21281.15478 22312.61910 22599.65644 23153.65176 23771.70243 24193.24400 24255.15355 25082.90711 25724.64635 26959.42524 28006.51495 28317.67728 28496.59744 29098.26108 30876.92762 33684.66901 34138.80194 35185.75035 39268.89287 41745.26341 46137.26712 53355.86529 53699.01811 58396.95145 62372.36260 66473.98303 196708.4295
      sorted:	 0.2070164874 5.029307848 7.011772361 8.220847972 18.82953492 51.67309030 53.98363996 141.4895570 147.1185713 151.4280136 171.0883057 185.7936219 235.1645866 351.2360425 412.4701377 432.0055692 470.6849418 471.4885449 533.6238718 587.6789712 681.5020699 777.8886266 913.3519600 1138.985006 1208.887700 1223.699804 1366.432214 1715.916208 1787.131423 1829.707305 1991.242054 2462.465058 2531.623284 2742.192788 2931.943412 2987.155396 3016.548883 3372.113119 3384.365089 3488.199961 3908.660706 4127.980957 4228.777952 4249.031052 4474.329281 4525.977086 4777.185292 4908.051902 4993.895958 5107.969169 5290.339756 5469.286866 5489.922249 5805.875225 6018.780422 6314.189212 6383.943774 6449.133363 6680.799766 7036.383613 7321.364801 8014.425013 8267.511279 8374.737167 8474.823947 9111.439361 9276.721044 9336.735190 9495.561708 9943.974451 10156.90640 10172.58173 10550.55071 10888.90024 11276.71797 11475.47533 11633.66658 12127.54632 12422.95699 12723.89336 13270.39463 13719.79470 13865.75301 13998.27394 14074.43605 14374.74175 14497.80456 15083.63205 15203.67549 15464.10954 15984.83895 16185.13827 16605.75914 16958.76918 17291.08953 17706.74523 17895.82298 17969.11976 18702.83590 18729.19303 21281.15478 21326.96133 22312.61910 22599.65644 23153.65176 23771.70243 24193.24400 24255.15355 25082.90711 25724.64635 26959.42524 28006.51495 28317.67728 28496.59744 29098.26108 30876.92762 33684.66901 34138.80194 35185.75035 39268.89287 41745.26341 46137.26712 53355.86529 53699.01811 58396.95145 62372.36260 66473.98303 196708.4295
