    unsorted:	 3847.205743 3833.007019 3901.402737 3943.885030 4069.312440 4358.622169 4472.762461 3534.046273 3247.389517 3162.950454 5358.428956 5405.970946 4957.988743 5604.735486 5700.221263 5005.941140 6041.313764 3001.372593 6618.293460 6515.234079 6732.250378 7106.043303 2760.786830 2634.704911 7545.626879 8370.984628 8423.616870 8457.510708 8127.983385 8829.056617 8972.137425 9090.527738 9184.203029 9745.931517 9796.316611 10044.56678 10181.62389 10555.76634 10855.54263 2342.889527 2253.161814 11359.18509 1559.653745 1686.175999 1389.958971 1397.814103 1134.160303 995.2298994 953.7459195 806.8847672 11892.16540 11974.53650 12317.80337 12602.31779 12932.73212 12901.32948 13398.62524 13459.13687 13536.86328 13714.62166 14036.26935 14312.94926 14483.84484 14600.82098 15261.26978 15711.86737 16081.00515 16015.64592 16189.08137 16365.08694 16429.25680 16829.44348 17278.33847 17096.20194 17331.29234 183.2903273 164.0591144 129.1908372 281.1330261 80.21996010 17703.18923 18257.55657 18784.80467 19182.25824 19383.72297 19982.56488 20058.94411 20547.69246 21082.90074 21133.63889 21353.77442 21983.04612 22341.49708 22818.60222 23223.59778 24382.39747 26235.83053 26614.39198 27111.96664 27412.60429 27795.00547 28539.36634 29492.80627 32308.55407 33757.09758 36819.66708 37877.99856 40194.52196 42622.77991 43498.03107 45689.64121 49434.28118 52248.79881 57785.26868 69680.03468 77907.73922 83107.62642 89635.88415
      sorted:	 80.21996010 129.1908372 164.0591144 183.2903273 281.1330261 806.8847672 953.7459195 995.2298994 1134.160303 1389.958971 1397.814103 1559.653745 1686.175999 2253.161814 2342.889527 2634.704911 2760.786830 3001.372593 3162.950454 3247.389517 3534.046273 3833.007019 3847.205743 3901.402737 3943.885030 4069.312440 4358.622169 4472.762461 4957.988743 5005.941140 5358.428956 5405.970946 5604.735486 5700.221263 6041.313764 6515.234079 6618.293460 6732.250378 7106.043303 7545.626879 8127.983385 8370.984628 8423.616870 8457.510708 8829.056617 8972.137425 9090.527738 9184.203029 9745.931517 9796.316611 10044.56678 10181.62389 10555.76634 10855.54263 11359.18509 11892.16540 11974.53650 12317.80337 12602.31779 12901.32948 12932.73212 13398.62524 13459.13687 13536.86328 13714.62166 14036.26935 14312.94926 14483.84484 14600.82098 15261.26978 15711.86737 16015.64592 16081.00515 16189.08137 16365.08694 16429.25680 16829.44348 17096.20194 17278.33847 17331.29234 17703.18923 18257.55657 18784.80467 19182.25824 19383.72297 19982.56488 20058.94411 20547.69246 21082.90074 21133.63889 21353.77442 21983.04612 22341.49708 22818.60222 23223.59778 24382.39747 26235.83053 26614.39198 27111.96664 27412.60429 27795.00547 28539.36634 29492.80627 32308.55407 33757.09758 36819.66708 37877.99856 40194.52196 42622.77991 43498.03107 45689.64121 49434.28118 52248.79881 57785.26868 69680.03468 77907.73922 83107.62642 89635.88415
