    unsorted:	 10793.69726 10463.46289 10336.94468 10198.58607 11020.58775 9508.790200 9395.614420 8594.179892 8440.428420 8145.907499 11619.65887 7547.664057 7188.550435 6881.058126 12096.24358 6151.168083 5809.423576 5300.226609 5105.837057 12604.99647 13002.23123 4142.838023 3720.664210 3353.916904 2729.083129 79.64854230 67.12745991 92.77484806 221.8301086 237.9231552 437.9051800 745.7804706 1217.260650 2042.417780 2181.397269 15006.51358 15398.39506 15500.01956 16706.68184 16844.94871 17087.48426 17312.09342 17482.99003 20631.21235 21917.80313 26663.55290 30798.44574 36391.39251 42624.33697 60570.61887 73691.35945
      sorted:	 67.12745991 79.64854230 92.77484806 221.8301086 237.9231552 437.9051800 745.7804706 1217.260650 2042.417780 2181.397269 2729.083129 3353.916904 3720.664210 4142.838023 5105.837057 5300.226609 5809.423576 6151.168083 6881.058126 7188.550435 7547.664057 8145.907499 8440.428420 8594.179892 9395.614420 9508.790200 10198.58607 10336.94468 10463.46289 10793.69726 11020.58775 11619.65887 12096.24358 12604.99647 13002.23123 15006.51358 15398.39506 15500.01956 16706.68184 16844.94871 17087.48426 17312.09342 17482.99003 20631.21235 21917.80313 26663.55290 30798.44574 36391.39251 42624.33697 60570.61887 73691.35945
