    unsorted:	 5188.661206 4216.240242 4236.359878 4142.103595 4097.443022 4022.636540 3924.906358 4614.634567 4610.506057 4724.276244 4904.018788 3650.743194 3300.012834 3228.509253 3184.144097 3496.717699 3046.143745 5384.410915 2688.822491 2675.315125 5701.932297 6059.172578 6367.371790 2178.174573 7056.768076 7031.601413 6687.359015 7183.697554 7517.136802 7688.384706 7906.964148 1867.567265 1972.660251 8327.893174 1551.098071 1424.276778 1345.480947 1044.940021 1194.597133 955.4261753 912.8922532 821.8996907 722.8455329 8594.100206 9256.434781 9582.593998 9722.164995 9762.664664 10132.98673 176.3846328 155.2059892 141.0551574 249.1427994 0.004535073285 63.06301760 10479.10415 11127.35829 11458.46882 11416.39771 11659.51639 12010.64427 12350.35959 12834.68333 13041.19551 13151.80468 13907.43493 13959.12835 13995.29647 13633.17096 14526.17516 14671.77124 14739.27908 15006.26450 15553.27229 15561.04693 15718.63701 15778.32031 16183.14991 16159.94680 16456.71328 16678.26967 17083.16168 17760.24709 17722.04279 18485.47492 18773.58091 18862.73947 19311.83871 20006.55684 20104.08719 20331.79974 20720.83574 21508.96259 21623.78524 22017.95315 24195.14967 25341.82139 25219.80562 25758.30144 25866.00158 26521.41195 27094.55092 27474.96105 29162.00473 31063.10665 32805.61206 33598.15575 39693.71548 41970.29633 43004.50626 49323.06437 49889.25874 56330.78771 59211.20264 61166.74841 65410.38319 75361.81503
      sorted:	 0.004535073285 63.06301760 141.0551574 155.2059892 176.3846328 249.1427994 722.8455329 821.8996907 912.8922532 955.4261753 1044.940021 1194.597133 1345.480947 1424.276778 1551.098071 1867.567265 1972.660251 2178.174573 2675.315125 2688.822491 3046.143745 3184.144097 3228.509253 3300.012834 3496.717699 3650.743194 3924.906358 4022.636540 4097.443022 4142.103595 4216.240242 4236.359878 4610.506057 4614.634567 4724.276244 4904.018788 5188.661206 5384.410915 5701.932297 6059.172578 6367.371790 6687.359015 7031.601413 7056.768076 7183.697554 7517.136802 7688.384706 7906.964148 8327.893174 8594.100206 9256.434781 9582.593998 9722.164995 9762.664664 10132.98673 10479.10415 11127.35829 11416.39771 11458.46882 11659.51639 12010.64427 12350.35959 12834.68333 13041.19551 13151.80468 13633.17096 13907.43493 13959.12835 13995.29647 14526.17516 14671.77124 14739.27908 15006.26450 15553.27229 15561.04693 15718.63701 15778.32031 16159.94680 16183.14991 16456.71328 16678.26967 17083.16168 17722.04279 17760.24709 18485.47492 18773.58091 18862.73947 19311.83871 20006.55684 20104.08719 20331.79974 20720.83574 21508.96259 21623.78524 22017.95315 24195.14967 25219.80562 25341.82139 25758.30144 25866.00158 26521.41195 27094.55092 27474.96105 29162.00473 31063.10665 32805.61206 33598.15575 39693.71548 41970.29633 43004.50626 49323.06437 49889.25874 56330.78771 59211.20264 61166.74841 65410.38319 75361.81503
