    unsorted:	 4087.532844 4124.345621 4399.271945 4567.255346 4717.946237 4832.998503 5088.931935 3677.832402 3397.917477 3293.655983 3009.279534 2797.416478 2721.504745 2571.355356 5611.684018 5832.359709 5953.549334 6014.642606 6786.060005 7390.893896 7459.852385 7288.658766 7660.357405 70.12084944 82.76163433 93.37673532 40.05214019 17.35955122 146.6543676 532.4724736 640.6000946 467.7595840 1380.295873 8545.326462 8920.392980 9626.252552 9959.661708 10801.38519 11533.05689 11950.66497 12492.49162 13184.58844 13561.00219 13539.77688 14688.14288 17628.95440 20294.28901 22829.81719 25871.35421 32657.18472 36717.29816 41633.71763 43452.04953 49225.35661 55921.39779 71425.00325 77100.72480
      sorted:	 17.35955122 40.05214019 70.12084944 82.76163433 93.37673532 146.6543676 467.7595840 532.4724736 640.6000946 1380.295873 2571.355356 2721.504745 2797.416478 3009.279534 3293.655983 3397.917477 3677.832402 4087.532844 4124.345621 4399.271945 4567.255346 4717.946237 4832.998503 5088.931935 5611.684018 5832.359709 5953.549334 6014.642606 6786.060005 7288.658766 7390.893896 7459.852385 7660.357405 8545.326462 8920.392980 9626.252552 9959.661708 10801.38519 11533.05689 11950.66497 12492.49162 13184.58844 13539.77688 13561.00219 14688.14288 17628.95440 20294.28901 22829.81719 25871.35421 32657.18472 36717.29816 41633.71763 43452.04953 49225.35661 55921.39779 71425.00325 77100.72480
