    unsorted:	 4395.049340 3743.750352 3789.931396 3672.396968 3655.558746 3571.818244 3928.432610 4069.213212 4326.644571 4452.997775 3333.158944 4701.253060 4955.513110 4660.508607 3038.005360 2962.590527 5203.756086 2806.027636 2768.212180 2652.383510 5464.091166 2507.642424 5865.763985 6086.409878 6281.532960 6898.217736 7407.422869 7623.332723 7709.307205 7824.958556 7957.045427 8149.597361 8307.187762 8619.291220 8738.071246 9152.123096 9396.173790 9653.680617 9828.251784 9892.757950 10276.93700 1451.594164 1894.833137 1392.937150 1404.263279 1118.308386 989.6141401 950.3651618 10699.70021 11029.66258 738.5338047 601.2773552 11425.33050 11711.12761 12166.98291 12231.51521 12451.86433 12690.94667 12956.88620 13117.01245 13191.05342 13412.60949 13639.74227 13820.16939 14010.70059 14174.83689 14255.62815 14395.34098 282.3597828 135.6615010 146.3176147 175.1579527 15637.46841 15603.38194 15678.62648 15997.09834 16160.86454 16244.83581 16399.69705 16570.35301 16827.38887 17684.58305 17820.56457 18405.14056 18578.18081 19279.44118 19866.41654 20166.53323 20350.39271 20461.34317 20674.67405 21000.49351 21568.10788 21670.80207 22214.66068 22177.47730 24236.39163 25584.98588 25994.28841 26263.75965 27152.35660 28672.94546 29150.95368 31244.11370 33597.48094 38594.30733 40312.35469 41203.80783 42744.50607 44711.09003 47349.07199 49489.22269 50196.93485 51231.79118 60100.94263 71659.15395 76307.12642 84088.27468 101203.1466
      sorted:	 135.6615010 146.3176147 175.1579527 282.3597828 601.2773552 738.5338047 950.3651618 989.6141401 1118.308386 1392.937150 1404.263279 1451.594164 1894.833137 2507.642424 2652.383510 2768.212180 2806.027636 2962.590527 3038.005360 3333.158944 3571.818244 3655.558746 3672.396968 3743.750352 3789.931396 3928.432610 4069.213212 4326.644571 4395.049340 4452.997775 4660.508607 4701.253060 4955.513110 5203.756086 5464.091166 5865.763985 6086.409878 6281.532960 6898.217736 7407.422869 7623.332723 7709.307205 7824.958556 7957.045427 8149.597361 8307.187762 8619.291220 8738.071246 9152.123096 9396.173790 9653.680617 9828.251784 9892.757950 10276.93700 10699.70021 11029.66258 11425.33050 11711.12761 12166.98291 12231.51521 12451.86433 12690.94667 12956.88620 13117.01245 13191.05342 13412.60949 13639.74227 13820.16939 14010.70059 14174.83689 14255.62815 14395.34098 15603.38194 15637.46841 15678.62648 15997.09834 16160.86454 16244.83581 16399.69705 16570.35301 16827.38887 17684.58305 17820.56457 18405.14056 18578.18081 19279.44118 19866.41654 20166.53323 20350.39271 20461.34317 20674.67405 21000.49351 21568.10788 21670.80207 22177.47730 22214.66068 24236.39163 25584.98588 25994.28841 26263.75965 27152.35660 28672.94546 29150.95368 31244.11370 33597.48094 38594.30733 40312.35469 41203.80783 42744.50607 44711.09003 47349.07199 49489.22269 50196.93485 51231.79118 60100.94263 71659.15395 76307.12642 84088.27468 101203.1466
