    unsorted:	 9442.077327 9404.257829 9073.568092 8795.614556 8715.843730 9867.329677 10037.93142 10322.04930 10557.59990 10740.87985 10895.60075 7929.654720 7720.902806 7526.761763 11553.91499 6764.779414 6428.334554 6023.923013 11800.32777 5070.709320 4906.770267 4593.328396 3686.524711 3276.251316 2904.950622 2734.580278 33.25933210 18.74272308 158.6137803 88.50344483 229.4942084 469.5367795 719.5458678 1085.452706 1700.407601 14568.85067 15335.83386 15627.96837 15859.33340 16434.96723 16616.66077 16745.12102 17234.79316 17465.23480 18051.93159 20302.66958 22995.80887 25786.47884 26478.51116 32294.40637 35599.48461 50410.64684 67978.22950 76827.56942
      sorted:	 18.74272308 33.25933210 88.50344483 158.6137803 229.4942084 469.5367795 719.5458678 1085.452706 1700.407601 2734.580278 2904.950622 3276.251316 3686.524711 4593.328396 4906.770267 5070.709320 6023.923013 6428.334554 6764.779414 7526.761763 7720.902806 7929.654720 8715.843730 8795.614556 9073.568092 9404.257829 9442.077327 9867.329677 10037.93142 10322.04930 10557.59990 10740.87985 10895.60075 11553.91499 11800.32777 14568.85067 15335.83386 15627.96837 15859.33340 16434.96723 16616.66077 16745.12102 17234.79316 17465.23480 18051.93159 20302.66958 22995.80887 25786.47884 26478.51116 32294.40637 35599.48461 50410.64684 67978.22950 76827.56942
