    unsorted:	 9694.915734 9637.689568 10007.23588 10323.69543 10485.40292 10946.63224 11214.31772 8559.825482 8688.913660 8120.549824 11590.30601 7494.741672 7163.610658 12062.42144 6254.181021 12690.48568 5783.605397 5127.747931 4478.449737 3808.710324 3513.467471 3356.964925 13544.26796 2565.221933 2542.647111 79.70508827 64.52102017 91.47696694 300.9901044 291.6661663 431.3644712 722.6082527 1191.955066 1957.173236 14851.79674 15822.61340 16027.57019 16851.92441 16762.55841 17247.05502 17505.09103 19008.84464 20971.59367 27248.36033 31169.76441 36539.02760 41038.28675 65442.51918 78495.40203
      sorted:	 64.52102017 79.70508827 91.47696694 291.6661663 300.9901044 431.3644712 722.6082527 1191.955066 1957.173236 2542.647111 2565.221933 3356.964925 3513.467471 3808.710324 4478.449737 5127.747931 5783.605397 6254.181021 7163.610658 7494.741672 8120.549824 8559.825482 8688.913660 9637.689568 9694.915734 10007.23588 10323.69543 10485.40292 10946.63224 11214.31772 11590.30601 12062.42144 12690.48568 13544.26796 14851.79674 15822.61340 16027.57019 16762.55841 16851.92441 17247.05502 17505.09103 19008.84464 20971.59367 27248.36033 31169.76441 36539.02760 41038.28675 65442.51918 78495.40203
